1	91625489	12	126216846	DIST	63
13	26931716	14	87307371	DIST	46
1	91625432	23	108184393	DIST	57
1	91625541	9	78376483	DIST	56
2	132729321	12	20595675	DIST	63
11	84872733	17	30502331	DIST	64
2	132749130	16	33857680	DIST	45
2	132728421	12	20595722	DIST	45
2	132733711	2	132735367	DIST	46
2	132746151	16	33860694	DIST	44
12	20595654	16	33870860	DIST	56
2	132744887	2	132745752	DIST	54
2	132730217	16	33870414	DIST	41
3	75779577	3	75780122	DIST	45
2	132741645	16	33865427	DIST	45
2	132748144	16	33858572	DIST	45
2	132741632	16	33864619	DIST	45
10	127564661	13	19269456	DIST	51
3	75873146	3	75873708	DIST	47
10	46443306	10	46479608	RR	63
2	132728412	16	33871397	DIST	45
2	132736574	17	42587037	DIST	40
4	3581684	4	3582585	DIST	64
9	67914159	9	67914890	DIST	60
2	126159520	2	126168495	DIST	66
4	142450102	4	142452835	DIST	63
16	14488436	23	136348076	DIST	57
4	80493338	16	33864837	DIST	42
1	154793236	1	154795895	DIST	66
9	67912111	9	67913639	DIST	44
1	225232679	1	225233368	DIST	58
8	58280956	8	58290296	RF	39
1	205164055	1	205164684	DIST	47
3	32076906	3	32083174	DIST	63
4	182293387	4	182294365	DIST	64
12	126746646	12	126747205	DIST	63
13	55048689	13	55049274	DIST	63
16	33868449	17	42568937	DIST	41
6	29793212	6	29796238	DIST	64
1	212836475	1	212837215	DIST	64
7	44566431	7	44567025	DIST	60
7	116629197	7	116629936	DIST	66
11	1871774	11	1893913	DIST	60
4	67947060	4	67947635	RF	67
1	160593728	1	160594588	DIST	66
10	18542764	10	18543719	DIST	63
1	6176185	14	87307389	DIST	42
14	93258002	14	93258546	DIST	63
4	141364987	4	141365717	DIST	63
2	195922812	2	195923576	DIST	61
22	46160472	22	46161121	DIST	64
9	88344068	9	88345799	DIST	64
1	217989530	1	217990264	DIST	54
13	42437763	13	42439837	DIST	63
20	23051023	20	23051750	DIST	66
6	71794877	6	71795502	DIST	60
19	35645289	19	35645953	DIST	66
8	58285481	8	58290297	DIST	48
4	111735478	4	111736100	DIST	63
2	240630078	2	240630985	DIST	60
8	60298174	8	60299015	RF	64
22	42006534	22	42007538	DIST	54
10	132072076	10	132072651	DIST	60
5	68296408	5	68297066	DIST	57
14	58953123	14	58954101	DIST	63
7	128096407	7	128097174	DIST	60
3	121376376	3	121377197	DIST	61
2	216866368	2	216866986	DIST	67
2	108221479	2	108222746	DIST	64
3	42813088	3	42815922	DIST	61
7	13209110	7	13209700	DIST	63
1	238182756	1	238183570	RR	63
13	22405699	13	23828487	DIST	44
9	70994003	9	70994885	DIST	61
1	167270866	1	167272160	DIST	63
11	69717781	11	69718409	DIST	63
11	93217373	11	93217992	DIST	61
14	51664387	14	51665135	DIST	60
1	222267701	1	222268255	DIST	63
17	402756	17	403429	DIST	64
18	50206778	18	50211129	DIST	64
20	11465079	20	11465807	DIST	64
5	60037247	5	60039664	DIST	66
1	5650183	1	5651013	DIST	40
7	28180770	7	28181537	DIST	63
4	184711172	4	184711906	DIST	57
3	153794131	3	153795990	DIST	63
9	90048630	9	90051046	DIST	63
5	1715872	5	1716413	DIST	63
7	89391736	7	89392528	DIST	63
13	41653642	13	41654335	DIST	63
14	75883146	14	75883997	DIST	63
15	90475351	15	90478282	DIST	60
6	168459704	6	168461745	DIST	63
6	32886355	6	32887841	DIST	64
15	70355210	15	70355829	DIST	64
8	138811862	8	138813154	DIST	63
10	7116888	10	7118531	DIST	66
7	33865039	7	33865809	DIST	64
1	224679024	1	224679682	DIST	64
8	110303606	8	110304354	DIST	64
8	2202643	8	2203777	DIST	64
2	110209964	2	111169891	DIST	64
12	44189264	12	44196419	DIST	64
3	131246029	3	131289743	DIST	49
8	112363157	8	112366655	DIST	63
20	61833150	20	61833698	DIST	63
11	13522258	11	13523049	DIST	57
14	53779906	14	53783683	DIST	66
1	208772842	1	208773403	DIST	63
8	71745898	8	71747399	DIST	63
1	143803886	1	143808468	DIST	60
8	137229051	8	137233182	DIST	60
6	66316462	6	66318865	DIST	63
18	33559981	18	33561005	DIST	63
7	157978694	7	157979417	DIST	66
3	75860270	3	75860805	DIST	44
1	232865270	1	232865814	DIST	63
2	88602782	2	88603668	DIST	66
2	225747774	2	225748672	DIST	64
11	133864291	11	133864940	DIST	60
1	222313394	1	222314225	DIST	60
7	66697107	7	66697650	DIST	61
12	24832084	12	24833197	DIST	67
9	103259452	9	103260505	DIST	64
11	131429637	11	131435237	RF	63
3	82773830	3	82774412	DIST	63
19	60711723	19	60712286	DIST	61
17	17170859	17	17172113	DIST	64
9	135853258	9	135853914	DIST	58
4	182113720	4	182115661	DIST	64
13	109859098	13	109859667	DIST	61
6	137355057	6	137355925	DIST	64
15	87669010	15	87669588	DIST	63
19	56867447	19	56869437	DIST	60
14	30055857	14	30056516	DIST	63
13	67834728	13	67835474	DIST	66
3	117687187	3	117687954	DIST	60
13	23827665	13	23828374	DIST	37
3	180032559	3	180033736	DIST	63
20	61195087	20	61196425	DIST	58
12	3535200	12	3535785	DIST	66
7	157745135	7	157745735	DIST	63
19	62702458	19	62702989	DIST	63
6	34807860	6	34809324	DIST	66
2	132743640	23	43548735	DIST	38
1	16924670	1	232978816	RR	60
10	72926419	10	72926950	DIST	63
3	196311626	3	196312432	DIST	63
11	43865882	11	43866565	DIST	66
10	127734996	10	127736144	DIST	63
10	100014948	10	100015695	DIST	63
7	53670087	7	53670684	DIST	61
4	89066453	4	89077805	RR	63
13	48207845	13	48208384	DIST	58
3	45584534	3	45585362	DIST	57
7	100397551	7	100398094	DIST	63
22	47930164	22	47930734	DIST	60
11	124801361	11	124801895	DIST	60
13	30315952	13	30316644	DIST	57
18	74715243	18	74715787	DIST	60
9	83513998	9	83516850	DIST	66
14	95463679	14	95464350	DIST	61
7	67363943	7	67364692	DIST	60
13	93951858	13	93952534	DIST	47
18	20244407	18	20246119	DIST	57
18	36260143	18	36261183	DIST	63
6	100141051	6	100142276	DIST	64
2	240229675	2	240230206	DIST	37
18	53097365	18	53099786	DIST	58
4	185090349	4	185090938	DIST	64
22	44342915	22	44343542	DIST	63
2	201854662	2	201857851	DIST	67
1	244222306	1	244223049	DIST	63
10	132048180	10	132048966	DIST	60
3	178845653	3	178846282	DIST	66
1	27807632	1	27808204	DIST	61
20	1336772	20	1338869	DIST	60
12	4952129	12	4953412	DIST	60
3	198418771	3	198423863	DIST	66
16	69534898	16	69537442	DIST	63
22	32081387	22	32081944	DIST	63
20	61258504	20	61259102	DIST	63
7	66750720	7	66751267	DIST	63
11	11779465	11	11781538	DIST	54
2	159857085	2	159859998	DIST	63
18	61874409	18	61883358	DIST	66
3	164008158	3	164030156	FF	63
2	176973744	2	176980503	DIST	63
7	70849536	7	70851001	DIST	66
1	58516125	1	58517435	DIST	67
6	24791821	22	31258146	DIST	54
6	158468215	6	158469421	DIST	66
6	1423010	6	1423678	DIST	61
1	223828542	1	223829283	DIST	58
1	202706699	1	202707481	DIST	64
19	7736543	19	7737111	DIST	57
13	105047974	13	105048537	DIST	57
6	57392572	6	57397372	DIST	60
9	36352601	9	36354202	DIST	60
12	42263399	12	42265935	DIST	63
22	25498001	22	25500175	DIST	63
3	188063663	3	188068343	DIST	67
2	111292752	2	111293419	DIST	64
22	16150273	22	16159443	DIST	64
6	121220499	6	121221043	DIST	64
11	48646409	11	48647012	DIST	61
13	112813616	13	112814283	DIST	64
10	6137196	10	6137940	DIST	66
21	43794576	21	43797759	DIST	66
7	144013297	7	144013842	DIST	53
11	45386309	11	45388525	DIST	63
4	8046599	4	8048112	DIST	63
12	111503673	12	111505132	DIST	64
1	37588940	1	37589598	DIST	64
22	33974880	22	33976295	DIST	61
4	152997899	4	152998760	DIST	60
6	30007318	6	30009515	DIST	43
16	69721557	16	69722284	DIST	64
7	155417851	7	155418439	DIST	64
22	35525943	22	35526580	DIST	64
12	69158254	12	69164614	DIST	64
11	69109864	11	69110774	DIST	63
2	154202954	2	154203595	DIST	64
17	38737297	17	38819164	RR	47
8	131757468	8	131758234	DIST	63
4	189427100	4	189427981	DIST	66
3	196972728	3	196973332	DIST	60
1	224073058	1	224073641	DIST	63
2	116581375	2	116582672	DIST	63
3	126418795	3	126420097	DIST	57
10	99024718	10	99027620	DIST	63
7	66768911	7	66769646	DIST	63
2	121514075	2	121515094	DIST	54
3	108520398	3	108523204	DIST	63
7	52487446	7	52488070	DIST	47
6	13650124	6	13650712	DIST	54
5	10042814	5	10043447	DIST	63
10	127180624	10	127186796	FF	60
12	5191151	12	5191725	DIST	44
2	3862668	2	3863216	DIST	63
5	90535451	5	90538208	DIST	63
3	171601858	3	171602626	DIST	47
2	2705090	2	2705778	DIST	60
15	62419803	15	62420560	DIST	60
7	157739176	7	157740361	DIST	63
17	640488	17	641086	DIST	60
8	32799507	8	32811194	DIST	54
2	16147457	2	16148058	DIST	63
10	44743041	10	44743793	RF	60
1	241491612	1	241492337	DIST	63
17	72753511	17	72754102	DIST	63
18	2462584	18	2463126	DIST	67
15	39804683	15	39805411	DIST	56
2	85792600	2	85793266	DIST	60
14	21022091	14	21024555	DIST	63
15	21658701	15	21659288	DIST	63
11	48323888	11	48330485	DIST	60
6	46075234	6	46075994	DIST	60
4	72960860	4	72961429	DIST	63
12	125765491	12	125766257	DIST	63
20	11595129	20	11596777	DIST	63
1	29593447	1	30651645	RR	60
1	224069101	1	224069867	DIST	64
1	79941476	9	67908477	DIST	49
1	246916140	1	246916834	DIST	66
6	13299351	17	62068061	DIST	63
7	148448794	7	148449544	DIST	54
7	16138157	7	16140896	DIST	66
13	36312117	13	36312874	DIST	57
3	84187300	3	84190147	DIST	63
6	7738110	6	7738869	DIST	63
20	43835820	20	43836380	DIST	60
12	47196799	12	47197849	DIST	63
7	36407336	7	36408554	DIST	63
3	136156429	3	136157521	DIST	63
3	182060409	3	182060995	DIST	63
17	136634	17	138741	DIST	45
8	1118232	8	1118813	DIST	64
9	82261118	9	82261979	DIST	64
13	49967028	13	49973181	DIST	60
3	24540127	3	24541544	RR	63
4	173224889	4	173229568	DIST	63
1	205608231	1	205612240	DIST	64
1	192326377	1	192326988	DIST	64
8	11532167	8	11532760	DIST	60
6	57530766	6	57537229	DIST	63
22	33788937	22	33789731	DIST	47
9	137618686	9	137620194	DIST	61
13	97519035	13	97519578	DIST	67
11	113930048	11	113937477	DIST	61
4	120246411	4	120247186	DIST	61
10	132261871	10	132262448	DIST	64
4	140167122	4	140167852	DIST	55
1	94060866	1	94064160	DIST	64
6	154661405	6	154663311	DIST	64
17	34908595	17	34909296	DIST	55
20	21233905	20	21236986	DIST	61
16	5477993	16	5478762	DIST	61
11	67939402	11	67940130	DIST	60
6	12539716	6	12540320	FF	63
8	18519912	8	18520805	DIST	61
15	25065743	15	25066276	DIST	63
1	222849126	1	222852787	DIST	63
1	9242021	1	9326423	RF	60
1	144544327	1	145860810	FF	46
3	185607955	3	185608573	DIST	63
10	95535259	10	95536679	DIST	63
11	93318637	11	93321257	DIST	63
4	189374144	4	189374970	DIST	57
12	1754027	12	1754568	DIST	66
20	15249674	20	15252118	DIST	66
8	1184462	8	1186268	DIST	52
17	210420	17	211083	DIST	57
11	27613605	11	27614388	DIST	63
16	13982768	16	13983300	DIST	57
1	208144409	1	208152750	DIST	63
17	4564505	17	4565095	DIST	60
3	134986130	3	134987853	DIST	63
7	137946915	7	137948117	DIST	63
10	127181432	10	127187452	DIST	63
8	2109062	8	2109765	DIST	48
9	96332566	9	96333317	DIST	63
8	49255697	8	49256722	DIST	63
2	229753744	5	71182642	DIST	60
9	138013239	9	138013868	DIST	63
22	48264375	22	48264947	DIST	63
2	120133626	2	120134593	RF	63
4	188922376	4	188922992	DIST	64
6	35862688	6	35874578	RF	63
7	14876584	7	14877350	DIST	54
13	101588433	13	101589156	DIST	60
15	98869103	15	98869981	DIST	63
7	26189278	7	26189829	DIST	60
10	61031678	10	61035152	DIST	63
6	100366716	6	100367277	DIST	60
16	22614405	16	22614961	DIST	63
20	59752699	20	59753305	DIST	57
4	7575279	4	7575928	DIST	46
7	157734038	7	157734581	DIST	63
3	185615055	3	185615593	DIST	57
9	37908016	9	37908587	DIST	51
18	74365342	18	74366247	DIST	63
4	5885394	4	5886151	DIST	63
1	95463069	1	95463824	DIST	64
1	229249562	1	229250141	DIST	55
16	2287585	16	2288253	DIST	60
1	19024253	1	19024953	DIST	61
14	96244802	14	96245671	DIST	60
20	61323174	20	61323733	DIST	57
8	23462879	8	23463932	DIST	63
8	42309258	8	42313653	DIST	57
7	4047376	7	4048835	DIST	57
11	1389731	11	1390417	DIST	60
4	121306407	4	121307012	DIST	63
1	222713293	1	222866436	RF	63
15	100049910	15	100050467	DIST	66
11	99195365	11	99196375	FF	63
10	15311497	10	15312092	DIST	57
20	59109317	20	59109994	DIST	63
1	112492992	1	112506327	DIST	63
6	161431322	6	161431940	DIST	54
8	125293042	8	125293591	DIST	66
8	82207314	8	82209317	DIST	64
17	113762	17	114323	DIST	43
5	176190553	5	176192329	DIST	54
14	92024485	14	92025058	DIST	41
5	120754947	5	120755493	DIST	46
15	60493040	15	60495122	DIST	63
1	72538598	1	72584539	DIST	63
7	152198643	7	152199227	DIST	57
7	133435309	7	133448990	DIST	64
9	66598481	9	66603058	RF	45
4	56005739	4	56006308	DIST	64
8	11282763	8	11284840	DIST	64
20	62066313	20	62067980	DIST	60
5	1245104	5	1246156	DIST	54
1	21658807	1	21659520	DIST	45
11	112122760	11	112123585	DIST	60
6	8282323	6	8286609	DIST	60
20	42109362	20	42110177	DIST	61
21	38785455	21	38785989	DIST	64
1	246905820	1	246907607	DIST	50
2	177924334	2	177924898	DIST	64
3	41311414	3	41312365	DIST	64
10	9559780	10	9560484	DIST	64
4	108193741	4	108194335	DIST	61
10	70984763	10	70985319	DIST	43
18	74396377	18	74398045	DIST	64
10	107940365	10	107941709	DIST	67
21	35936652	21	35937276	DIST	67
2	1579445	2	1580095	DIST	43
9	115403567	9	115404129	DIST	48
23	55189077	23	55202319	DIST	47
23	297207	23	297795	DIST	41
10	133837038	10	133837569	DIST	66
12	12436269	12	12438107	RR	63
16	47593510	16	47594067	DIST	60
21	42550831	21	42551420	DIST	60
10	7674530	18	9858822	DIST	63
8	146013574	8	146014147	DIST	60
17	2141490	17	2142065	DIST	63
14	90109381	14	90109929	DIST	52
3	196024728	3	196027609	RF	60
6	19531255	6	19531917	DIST	46
4	95737642	7	46870858	DIST	63
7	137645697	7	137646982	DIST	64
1	22016900	1	22017431	DIST	60
14	79175828	14	79185007	DIST	63
10	89689916	10	89702350	DIST	60
3	196024321	3	196027675	DIST	63
7	141947879	7	141950755	RF	63
16	68319336	16	68320255	FF	50
21	26296194	21	26296803	RR	63
1	227879115	1	227887857	DIST	63
7	157152181	7	157152858	DIST	57
8	37169683	8	37171091	DIST	63
5	170063387	5	170064107	DIST	63
16	68319562	16	68320548	RR	63
22	23779914	22	23782932	DIST	57
4	185810766	4	185811301	DIST	63
3	196990475	3	196991467	DIST	60
16	1387258	16	1387869	DIST	45
7	89648289	7	89650719	DIST	63
7	149331586	7	153421612	RR	57
10	47112277	10	47113196	DIST	63
18	6531253	18	6531867	DIST	48
4	115727179	4	115733580	DIST	66
10	80846618	10	80847257	DIST	60
1	143605438	1	143606821	DIST	63
3	170220930	3	170221736	DIST	66
3	46020652	3	46021334	DIST	54
10	89265521	10	89266709	DIST	63
7	39415442	7	39416518	DIST	66
14	67672664	14	67673749	DIST	63
2	41629348	2	41635075	DIST	64
10	119319841	10	119320433	DIST	64
3	32813266	3	32814198	DIST	39
19	1133349	19	1134276	DIST	57
16	23435704	16	23436368	DIST	63
4	185782474	4	185783043	DIST	57
20	59593863	20	59594395	DIST	63
10	12328809	10	12329533	DIST	66
3	196906521	3	196907081	DIST	66
2	113604462	2	113605064	DIST	60
22	34463138	22	34464307	DIST	63
17	40782933	17	40783484	DIST	57
15	96027550	15	96028112	DIST	60
7	65831009	7	73019870	RF	42
5	178573304	5	178573907	DIST	66
1	234615425	1	234618106	DIST	50
3	12464711	3	12465379	DIST	66
1	76884503	1	76885050	DIST	55
8	1273075	12	130249875	DIST	58
10	121143666	10	121144371	DIST	67
7	137950461	7	137951141	DIST	55
17	63739096	17	63739729	DIST	61
9	121396671	9	121397283	DIST	63
1	234345745	1	234346713	DIST	63
21	46481405	21	46483111	DIST	60
11	61701150	11	61701855	DIST	66
6	17484663	6	17489599	DIST	63
7	138759730	7	138760515	DIST	54
7	158647317	7	158647872	DIST	63
4	164735612	4	164736185	DIST	60
3	195553927	3	195554488	DIST	60
10	11020829	10	11021391	DIST	60
9	135750450	9	135751098	DIST	44
19	53956174	19	53957698	DIST	47
7	33674571	7	33675139	DIST	60
6	32700218	6	32700766	DIST	58
17	44392050	17	44392846	DIST	60
8	950876	8	955063	DIST	61
12	128974895	12	128975435	DIST	55
5	177653582	5	177654149	DIST	58
5	127199896	5	127201269	DIST	54
13	30324127	13	30324658	DIST	63
12	71525683	15	92689257	DIST	63
21	44031191	21	44031747	DIST	49
18	45948832	18	45952660	DIST	61
17	15803882	17	15804613	DIST	55
2	132749999	16	14488395	DIST	39
1	37195935	1	37196671	DIST	60
2	162040460	2	162042672	DIST	63
7	108288640	7	108289183	DIST	63
11	61974845	11	61975810	DIST	63
18	9214993	18	9215773	DIST	60
7	70058744	7	70076549	FF	63
15	21382418	15	21543658	FF	53
1	3706672	1	3707277	DIST	57
8	127261288	8	127263961	DIST	64
7	156965384	7	156965941	DIST	60
22	47175905	22	47176494	DIST	64
1	243553664	1	243554208	DIST	61
12	129589755	12	129590611	DIST	64
16	33771842	16	33772498	DIST	67
11	47843892	11	47844836	DIST	64
7	9600920	7	9602687	DIST	57
22	47449957	22	47451150	DIST	60
12	126225987	12	126226724	DIST	61
18	64379658	18	64380435	DIST	64
12	56507113	15	36538358	DIST	41
15	96634377	15	96635218	DIST	64
9	106856547	9	106857486	RR	47
10	128595373	10	128595906	DIST	61
5	21608897	6	57683712	DIST	45
19	62726187	19	62726832	DIST	64
16	735990	16	736737	DIST	64
9	78109191	9	78111975	DIST	45
16	59467346	16	59471664	DIST	58
10	5626954	10	5677385	DIST	67
5	42599751	5	42600314	DIST	64
20	21797772	20	21798477	DIST	64
2	151749363	2	151750077	DIST	64
10	132715881	10	132716412	DIST	61
10	132798848	10	132802998	DIST	58
18	74298041	18	74299513	DIST	64
14	103535397	14	103535945	DIST	64
1	191501793	1	191502456	DIST	64
17	6815177	17	6815897	DIST	51
20	62192465	20	62193157	DIST	57
4	171598997	4	171599572	DIST	63
23	1574177	23	1574838	DIST	57
13	112547208	13	112548222	DIST	59
9	91276171	9	91276718	DIST	63
2	10257821	2	10258425	DIST	63
22	19280412	22	19284041	DIST	48
7	144694043	7	144694626	DIST	63
21	42371198	21	42371933	DIST	66
12	125778679	12	125779278	DIST	63
2	34548951	2	34590108	DIST	40
18	57823465	18	57825354	DIST	60
12	94864076	12	94867125	DIST	60
5	1977408	5	1978432	DIST	63
6	119118708	6	119120739	DIST	60
4	9820107	4	9843792	DIST	63
23	1997031	23	1997817	DIST	63
17	72498930	17	72499482	DIST	63
19	6938079	19	6938852	DIST	58
17	70240504	17	70241214	DIST	43
19	4569325	19	4570726	DIST	57
2	33077603	2	33080824	DIST	63
3	86295677	3	86296424	DIST	63
9	135560006	9	135560538	DIST	51
12	130681961	12	130682557	DIST	58
14	105152222	14	105171232	RF	47
9	459350	9	459918	DIST	54
3	26407244	6	26302092	DIST	57
13	73255170	13	73258586	DIST	63
7	150688543	7	150689109	DIST	66
16	54356729	16	54420162	RR	46
23	1393332	23	1393960	DIST	66
6	34045706	6	34051010	DIST	51
18	74270415	18	74271065	DIST	60
22	35473030	22	35478153	DIST	40
3	41793015	3	41796856	DIST	63
23	137098473	23	137099141	DIST	60
8	121603118	8	121603787	DIST	66
6	43493722	6	43494256	DIST	63
19	57787461	19	57789502	DIST	66
8	142426760	8	142427590	DIST	60
9	28024175	9	28147989	DIST	63
13	110891712	13	110892249	DIST	54
8	10728354	8	10728908	DIST	60
3	195879816	3	195881830	DIST	54
7	22401072	7	22403388	DIST	63
1	25966924	1	25967488	RF	36
18	13876887	18	13877483	DIST	60
1	60833190	1	60834927	RF	63
6	167628795	6	167629368	DIST	57
16	77433976	16	77435289	DIST	54
3	52907383	3	52907918	DIST	60
9	83157351	9	83160510	DIST	61
2	34682237	2	34682913	DIST	60
6	96959446	6	96960218	DIST	54
3	147873451	3	147877811	RF	47
10	44742949	10	44744321	DIST	54
7	81279378	7	81280696	DIST	54
11	36734248	11	36734969	DIST	63
4	114205075	4	114205964	DIST	63
10	115530892	10	115531577	DIST	57
22	47463985	22	47464670	DIST	66
9	123681764	9	123682311	DIST	45
17	27627720	17	27628333	DIST	60
9	139892406	9	139897255	DIST	60
11	2171538	11	2172235	DIST	51
1	3071711	1	3072433	DIST	60
19	58113670	19	58116109	DIST	47
6	7686455	6	7687013	DIST	57
12	80663518	12	80668534	DIST	63
8	140083013	8	140083546	DIST	60
19	61282967	19	61283883	DIST	63
23	1870773	23	1871734	DIST	44
1	226428206	1	226428936	DIST	51
17	35631227	17	35632136	DIST	60
10	132207144	10	132207730	DIST	60
11	10249254	11	10250776	DIST	60
19	21751325	19	21751900	DIST	63
4	15934088	4	15934635	DIST	45
10	27038658	10	27042231	DIST	61
18	2604107	18	2604668	DIST	61
10	122690717	10	122691436	DIST	61
8	1763814	8	1764467	DIST	57
7	158133520	7	158134279	DIST	61
14	22991744	14	22992504	DIST	49
8	72377241	8	72380731	DIST	54
12	39429524	12	39430217	DIST	60
9	100517038	22	30905957	DIST	44
6	89978074	6	89978933	DIST	57
2	127391048	2	127394010	DIST	63
8	141040133	8	141040716	DIST	54
20	59649993	20	59650614	DIST	57
8	39351028	8	39506585	DIST	51
19	60733383	19	60734123	DIST	54
9	93435276	9	93443180	DIST	63
7	22439153	7	22439758	DIST	63
6	106615453	6	106616025	DIST	60
15	37159496	15	37161024	DIST	52
23	2224413	23	2225090	DIST	57
2	153706124	17	71888876	DIST	54
19	9791930	19	9792475	DIST	47
6	4981872	6	4984226	DIST	63
13	64535696	13	64536504	DIST	63
13	22573546	13	22574081	DIST	48
13	41843959	13	41844719	DIST	63
9	112070170	9	112077064	RF	41
4	105113205	4	105114271	DIST	64
1	192783956	1	192784581	DIST	67
18	4525185	18	4526947	DIST	60
1	4480597	1	4481178	DIST	57
3	48932716	3	48934086	DIST	60
8	40408638	8	40415573	DIST	63
7	81196207	7	81196893	DIST	64
7	97334032	7	97334789	DIST	47
3	72633941	3	72634495	DIST	50
19	23112226	19	23112970	DIST	63
4	190062802	4	190063579	DIST	57
17	21174097	17	21174632	DIST	60
18	73214281	18	73214865	DIST	54
12	69819308	12	69820158	RR	57
18	47698483	18	47699037	DIST	63
4	16421237	4	16421815	DIST	63
1	180540952	17	71831099	DIST	63
11	58350590	11	58352828	DIST	63
8	128680424	8	128680956	DIST	46
2	66358837	2	66361235	DIST	66
12	14836595	12	14837126	DIST	57
2	15736472	2	15737128	DIST	66
13	29052507	13	29053406	DIST	66
10	11985223	10	11985972	DIST	64
6	5843375	6	5844170	DIST	64
6	149674060	6	149674660	DIST	64
19	16075632	19	16076171	DIST	45
4	162273424	4	162282841	DIST	45
8	143189341	8	143189904	DIST	61
5	101755031	5	101757636	FF	61
8	1888543	8	1889092	DIST	60
1	5994715	1	5995396	DIST	60
23	97050009	23	97051251	DIST	61
3	96948106	3	96953536	DIST	37
23	122200016	23	122201271	DIST	64
6	24433134	6	24436015	DIST	54
12	129696504	12	129697035	DIST	48
6	24792164	22	31258335	DIST	57
16	932343	16	932912	DIST	63
5	1223278	5	1223918	DIST	63
3	196036901	3	196037972	DIST	60
23	66020164	23	66020697	DIST	66
8	60803767	8	60804358	DIST	37
20	4755094	20	4756251	DIST	57
20	32705223	20	32708040	DIST	61
6	163667887	6	163668463	DIST	58
21	44443401	21	44445348	DIST	64
22	16437548	22	16440682	DIST	64
5	136882341	5	136884463	DIST	45
6	167437525	6	167438059	DIST	64
11	25985646	11	25986312	DIST	58
13	54839048	13	54839786	DIST	64
22	15366084	22	15367260	DIST	61
19	58380839	19	58384042	DIST	54
6	32737628	6	32834939	DIST	37
3	197540036	3	197541389	DIST	60
11	61598333	14	80856872	DIST	63
8	584242	8	589697	DIST	57
1	13766753	1	13767327	DIST	63
3	32395395	3	32395932	DIST	61
9	129940552	9	129942026	DIST	61
8	96459915	8	96460587	DIST	64
23	89417560	24	3772425	DIST	52
7	150093702	7	150094486	DIST	64
5	169877188	5	169877719	DIST	52
23	80928998	23	80929999	DIST	47
1	244994652	1	244995194	DIST	64
10	107242633	10	107243372	DIST	64
11	6557225	11	6557870	DIST	64
6	32669905	6	32672930	DIST	64
17	67568063	17	67568704	DIST	64
7	100787694	7	100792363	DIST	64
1	244221573	1	244222330	DIST	41
5	65063743	5	65066432	DIST	64
13	110127734	13	110128305	DIST	43
5	159282508	23	66899320	DIST	64
12	96078490	12	96079246	DIST	64
9	98102353	9	98103103	DIST	67
9	33202752	9	33204042	DIST	64
4	170514965	4	170515809	DIST	64
6	35734259	6	35737979	DIST	64
7	14417687	7	14418222	DIST	67
4	172610655	4	172616078	DIST	64
7	158281947	7	158282523	DIST	64
12	37260784	12	37261484	DIST	64
8	2639511	8	2640144	DIST	47
12	130397327	12	130672691	RR	45
7	152205580	7	152211564	DIST	41
10	31483123	10	31485070	DIST	39
8	25509589	8	25510155	DIST	63
16	76928934	16	76942554	DIST	63
3	47465269	3	47468471	DIST	63
6	31319379	6	31321294	DIST	60
22	39123904	22	39125359	DIST	58
6	23850829	6	23853936	DIST	60
20	5006027	20	5006562	DIST	54
1	185982320	1	185989169	DIST	63
8	118944462	8	118945119	RR	60
11	68553975	11	68554514	DIST	63
2	146578758	2	146593397	DIST	51
2	61554520	2	61556848	RR	66
8	10700444	8	10701160	DIST	51
14	30883556	14	30884164	DIST	63
18	62057887	18	62062901	DIST	60
16	13851466	16	13851998	DIST	66
17	62950915	17	62951677	DIST	60
1	25030998	1	25034255	DIST	63
1	65796523	1	65802954	DIST	63
7	65227035	7	65229724	DIST	63
2	54418926	2	54421321	DIST	46
17	7464771	17	7465700	DIST	49
19	4461975	19	4462798	DIST	54
9	95769777	9	95770432	DIST	64
1	109415772	1	109416322	DIST	63
8	1385191	8	1386126	DIST	54
7	52457650	22	25237691	DIST	37
16	77485960	16	77652762	DIST	60
13	111898689	13	111899687	DIST	63
1	215524192	1	215525026	DIST	57
9	139373201	9	139376080	DIST	63
3	6405025	3	6405755	DIST	63
18	11816005	18	11816544	DIST	54
16	7219607	16	7220146	DIST	52
12	118385936	12	118386698	DIST	58
19	53064221	19	53066187	DIST	51
10	47114320	10	47135902	RR	57
2	29081747	2	29082279	DIST	41
1	196160456	1	196161151	DIST	63
5	11869667	5	11870586	DIST	60
11	10216354	11	10218047	DIST	60
7	101120512	7	101121235	DIST	60
15	51986910	15	51990577	DIST	54
3	44715923	3	44716943	FF	60
14	104809077	14	104809853	DIST	54
12	93767846	12	93768692	DIST	42
3	115948794	3	115949498	DIST	54
11	133750770	11	133751408	DIST	63
18	43633369	18	43633981	DIST	63
6	74670151	6	74677375	DIST	46
22	44102457	22	44103233	DIST	40
8	62197717	8	62198665	DIST	63
7	63952950	7	63955621	DIST	63
18	75640941	18	75641691	DIST	54
12	47011651	12	47014991	DIST	63
2	48704634	2	48711796	DIST	63
1	43831564	1	43832307	FF	51
4	77167559	4	77168246	DIST	66
11	69660071	11	69662446	DIST	63
23	1851856	23	1852520	DIST	53
1	36505728	1	36506390	DIST	57
18	33171891	18	33172432	DIST	66
14	64429891	14	64433463	DIST	63
12	123373623	12	123374161	DIST	64
23	66250378	23	66250977	DIST	66
12	79097723	12	79098260	DIST	51
4	115963216	4	115963890	DIST	54
18	10420990	18	10421619	DIST	60
5	177599046	5	177599620	DIST	57
1	65681916	1	65682612	DIST	66
9	109073160	9	109075560	DIST	63
12	117603352	12	117603940	DIST	63
1	21695314	1	21700852	DIST	44
22	23725807	22	23726510	DIST	56
14	48400866	14	48403864	DIST	63
2	40300281	2	40300838	DIST	66
4	184800221	4	184800797	DIST	63
13	100692075	13	100694781	DIST	56
16	26515469	16	26516269	DIST	60
18	72475895	18	72477094	DIST	63
6	8772711	6	8773362	DIST	45
6	51307233	6	51308254	DIST	63
9	109057846	9	109060832	DIST	66
7	107251181	7	107252263	DIST	66
12	97479474	12	97483497	DIST	60
7	141947866	7	141951511	DIST	63
7	141844970	7	141882097	RF	63
6	32732647	6	32734019	DIST	46
7	28540579	7	28541849	DIST	63
12	8908027	12	8909454	DIST	63
17	58932236	17	58932861	DIST	63
21	26295595	21	26296537	FF	60
21	46427724	21	46428462	DIST	57
12	129832028	12	129832642	DIST	60
13	48790270	13	48790811	DIST	60
2	119369661	2	119376089	DIST	63
6	32622640	6	32624358	DIST	44
9	15384510	9	15385269	DIST	57
7	100845553	7	100847076	DIST	63
5	104994647	5	104995396	DIST	63
1	158950557	1	158951194	DIST	57
6	42337829	6	42338387	DIST	63
8	135041634	18	55222068	DIST	66
12	105142752	12	105143287	DIST	54
11	132515751	11	132516294	DIST	60
8	82408894	8	82409434	DIST	66
18	62370273	18	62372277	DIST	66
21	36597790	21	36598451	DIST	60
20	2750952	20	2754624	DIST	64
2	235611494	2	235612081	DIST	42
2	156785280	2	156785897	DIST	55
23	112675010	23	112675592	DIST	67
10	6292480	10	6293217	DIST	37
17	8187085	17	8188889	DIST	61
23	830036	23	831214	DIST	64
4	95737603	7	46871367	DIST	63
4	2367327	4	2368359	DIST	48
5	25813041	5	25813782	DIST	57
3	4041682	3	4044703	DIST	58
9	132372783	9	132377474	DIST	61
15	64118864	15	64119465	DIST	51
8	50171638	8	50172194	DIST	60
11	26636281	11	26636823	DIST	63
3	83039689	3	83040303	DIST	44
12	130382932	12	130681065	RR	42
4	187590073	4	187594242	DIST	42
6	168964739	6	168965409	DIST	60
1	2380447	1	2381069	DIST	44
12	130318269	12	130452968	FF	54
13	22406113	13	23828032	RF	63
20	1768178	20	1768784	DIST	57
12	130417313	12	130417916	DIST	41
5	176320158	5	176323157	DIST	63
4	63603074	4	63734420	RF	63
21	29074312	21	29074911	DIST	60
16	22955083	16	22957255	DIST	63
10	6209196	10	6209805	DIST	63
2	230585148	2	230588072	DIST	60
13	110495027	13	110495587	DIST	60
15	83262774	15	83263351	DIST	46
19	3479303	19	3479906	DIST	57
1	86171563	9	99714985	DIST	63
3	198241389	3	198241967	DIST	57
23	40389817	23	40390573	DIST	66
22	48186755	22	48187728	DIST	63
6	29922893	6	29923571	DIST	63
12	111635023	12	111635562	DIST	57
13	53568222	13	53577016	DIST	60
6	33691104	6	33694170	DIST	64
2	34860537	2	34861555	DIST	64
2	28207082	2	28207823	DIST	64
18	75600457	18	75601221	DIST	58
2	223748269	9	108466606	DIST	64
16	76689571	16	76708921	DIST	61
4	189196038	4	189196587	DIST	64
18	57742409	18	57743018	DIST	61
1	244233842	1	244234379	DIST	45
23	154524416	23	154840868	RF	50
23	77007959	23	77010797	DIST	58
15	53005464	15	53012098	DIST	57
4	122453811	4	122454402	DIST	63
8	15334021	13	73211980	DIST	57
19	20594293	19	20674940	RR	47
7	2175775	7	2176362	DIST	42
15	60734687	15	60735219	DIST	63
1	81177153	1	81183782	DIST	45
9	130451685	9	130454022	DIST	54
20	13108552	20	13112333	DIST	63
8	25122468	8	25126880	DIST	51
11	114336718	11	114337323	DIST	57
2	120133604	2	120135332	DIST	57
3	161884921	3	161885540	DIST	63
23	131220863	23	131221887	FF	60
18	73810377	18	73810992	DIST	40
22	21808335	22	21809895	DIST	57
17	71053890	17	71054534	DIST	38
3	34507084	3	34507658	DIST	63
17	19125209	18	27800994	DIST	46
8	131919703	8	131922113	DIST	60
22	43349941	22	43350522	DIST	60
10	4859319	10	4859923	DIST	64
2	184255135	2	184255683	DIST	47
16	21501845	16	22617888	FF	43
1	24275455	1	24276203	DIST	58
9	10394230	9	10395211	DIST	58
2	235675374	2	235675982	DIST	61
8	57462441	8	57462978	DIST	43
14	94910844	14	94911508	DIST	63
1	221271127	1	221271660	DIST	60
6	88342227	6	88343129	DIST	64
6	149362277	6	149362858	DIST	61
1	91397284	1	91397991	DIST	60
1	67780421	1	67781697	DIST	60
13	94529097	13	94530080	RF	39
7	156110474	9	138812983	DIST	36
1	715136	1	222268778	RF	63
5	169530100	5	169531058	FF	63
21	45624444	21	45625005	DIST	60
3	195865146	3	195865967	DIST	60
20	51891214	20	51891826	DIST	60
6	64724848	6	64726602	DIST	63
3	187111447	3	187191472	RF	38
22	44361553	22	44362090	DIST	51
4	133333047	4	133333811	DIST	48
3	186434719	3	186435252	DIST	63
4	61012526	4	61016049	DIST	45
13	44903125	13	44903908	DIST	60
17	9005519	17	9006066	DIST	57
16	26957443	16	26957987	DIST	57
19	21542391	19	21543788	DIST	60
9	33884468	12	63102475	DIST	40
1	113600803	1	113601720	DIST	63
6	1215361	6	1216018	DIST	63
6	57586064	6	57587193	DIST	47
2	187144990	2	187145592	DIST	58
2	177923464	2	177924325	DIST	47
5	138762285	5	138763009	DIST	64
15	89782411	15	89790520	DIST	38
18	12493499	18	12494632	DIST	64
13	91076856	13	91077608	DIST	61
18	75410758	18	75413333	DIST	55
8	144373041	8	144373603	DIST	55
5	173477291	5	173477864	DIST	61
3	8300304	3	8301908	DIST	58
13	36946179	13	36947445	DIST	64
8	1396614	8	1398198	DIST	54
8	1178027	8	1178864	DIST	53
3	26425650	3	26427391	DIST	45
6	16373704	6	16374243	DIST	43
17	971335	17	971876	DIST	63
3	137503576	3	137509169	DIST	63
17	19512430	17	19513262	DIST	54
17	1009110	17	1009867	DIST	63
8	1152743	8	1153390	DIST	63
10	134954631	10	134955993	DIST	54
18	8623864	18	8624426	DIST	48
11	113938258	11	130735801	DIST	47
22	17256745	22	22158167	DIST	60
11	22964226	11	22964831	DIST	57
6	83732431	6	83733150	DIST	63
16	56282669	16	56285482	DIST	58
13	41951101	13	41952152	DIST	64
2	200020664	2	200021303	DIST	64
13	101684290	13	101684895	DIST	45
6	24056683	6	24057714	DIST	51
8	52893750	16	33848141	DIST	47
3	139252001	3	139252646	DIST	43
3	114600866	3	114601426	DIST	67
3	75856567	3	75857140	DIST	64
8	145831981	8	145832520	DIST	61
5	176810784	5	176811439	DIST	41
19	60013821	19	60064497	DIST	64
7	26475508	7	26476199	DIST	61
4	107657068	4	107658300	DIST	58
3	119763863	3	119764522	DIST	64
1	186805895	1	186807089	DIST	64
8	83432198	8	83458492	DIST	58
4	1495532	4	1497145	DIST	58
7	76464618	7	76465211	RF	43
5	32038351	7	157275573	DIST	52
16	874507	16	875072	DIST	67
1	53366257	1	53367549	DIST	56
16	24033775	16	24034401	DIST	64
15	96883214	15	96883774	DIST	61
21	44666983	21	44667580	DIST	58
6	31300250	6	31606740	DIST	43
4	117587200	4	117588314	DIST	64
9	135143855	9	135144389	DIST	43
13	29867862	13	29868399	DIST	64
12	3176994	12	3178484	DIST	61
12	129697715	12	129699953	DIST	36
12	13832718	12	13833257	DIST	51
6	14853086	6	14853901	DIST	60
10	3147293	10	3147827	DIST	43
4	33523332	4	33524816	DIST	63
2	172712103	2	172715756	DIST	39
6	169360645	6	169361781	DIST	39
3	32781488	3	32783230	DIST	64
2	121397110	2	121397650	DIST	45
9	70927541	9	70933177	DIST	63
3	177988576	3	177989142	DIST	60
7	26214594	15	38641538	DIST	53
6	129778362	6	129779083	DIST	63
2	241115399	2	241115944	DIST	41
15	21263665	15	21268502	DIST	63
16	64971158	16	64971778	DIST	35
7	154022610	7	154030901	DIST	63
4	39911437	4	39913820	RR	60
4	39911154	4	39913270	FF	57
22	21350866	22	21372918	DIST	60
8	2727095	8	2727643	DIST	57
7	81627035	10	60572685	DIST	45
12	129141026	12	129141601	DIST	60
4	123215956	22	29932631	DIST	63
13	40828297	13	40828829	DIST	46
12	119885911	12	119886605	DIST	57
18	72307882	18	72308478	DIST	63
12	69819271	12	69819831	FF	60
20	43968741	20	43969605	DIST	41
1	20804312	1	20805418	DIST	60
6	108720606	6	108721389	DIST	48
15	98906383	23	3533532	DIST	56
7	110323657	7	110324250	DIST	46
6	57654078	6	57654640	DIST	44
23	138414030	23	138414582	DIST	42
23	39520469	23	39521137	DIST	60
7	31281906	7	31285732	DIST	60
4	166080917	4	166088730	RR	63
9	38233633	15	61557274	DIST	63
11	70957539	11	70968109	FF	54
1	69579466	1	69580165	DIST	39
19	16125556	19	16126094	DIST	57
23	5738782	23	5740682	FF	54
23	70057726	23	70058428	DIST	66
4	131830268	4	131830857	DIST	63
6	107414783	8	105300931	DIST	60
12	39150922	12	39151456	DIST	63
1	77604822	1	77606301	FF	63
7	64050529	7	64051604	DIST	55
11	16543675	11	16544220	DIST	48
4	41718397	4	41718992	DIST	63
8	2525062	8	2543957	RF	44
17	75943553	17	75944353	DIST	57
22	36235493	22	36236043	DIST	60
5	31713093	5	31713872	DIST	63
5	169530114	5	169531648	RR	45
6	32547450	6	32603782	RF	51
22	47253675	22	47254218	DIST	47
8	52892992	11	38769129	DIST	67
3	196942817	3	196956950	DIST	58
20	51769035	20	51770032	DIST	39
10	106840891	10	106841581	DIST	51
8	16866017	8	16866812	DIST	60
3	187111432	3	187192340	DIST	45
2	233040709	2	233041850	DIST	63
5	1098811	5	1101316	DIST	60
17	69809344	17	69809972	DIST	51
23	3361738	24	7491183	DIST	36
8	280414	8	281379	DIST	54
2	170349590	2	170352447	DIST	63
2	116694674	2	116698437	FF	57
5	179052845	5	179053411	DIST	51
1	111888761	1	111889365	DIST	57
18	75466799	18	75467393	DIST	63
1	109296540	3	111895815	DIST	60
20	2969634	20	2970378	DIST	45
7	147693672	7	147694450	DIST	36
22	21571617	22	21577107	DIST	42
10	97196981	10	97198381	DIST	57
3	196821174	3	196821744	DIST	63
3	11931350	3	12888497	RF	63
8	20987647	8	20988458	DIST	66
8	66473704	8	66474256	DIST	63
8	102367745	10	77855236	DIST	63
10	84227680	10	84228539	DIST	48
8	1172077	8	1172612	DIST	63
2	53752034	2	53752601	DIST	63
23	524259	23	524850	DIST	54
21	45881839	21	45882389	DIST	63
6	38647540	18	46096426	DIST	38
7	1272144	7	1272829	RF	42
1	82898457	1	82900498	DIST	63
23	51380989	23	51381580	DIST	54
10	107877738	10	107878287	DIST	54
1	17548408	1	17550290	DIST	60
5	75709080	6	34849251	DIST	40
2	48635146	2	48638572	DIST	66
6	102390118	8	107626159	DIST	42
23	144122722	23	144938605	RR	45
15	66770410	15	66771081	DIST	60
4	28030443	4	28031225	DIST	63
2	239453973	2	239454504	DIST	47
15	21236821	20	36708040	DIST	39
4	101712290	4	101712830	DIST	63
16	32439631	16	32441612	DIST	48
7	47869961	10	26031052	DIST	44
22	21359746	22	21419968	RF	57
4	25105841	4	25106586	DIST	63
22	37799119	22	37799838	DIST	57
2	106245768	2	106252552	DIST	63
7	26103472	7	26112333	DIST	60
10	135032756	10	135033308	DIST	40
5	133162207	5	133164404	DIST	63
2	212743993	5	11285872	DIST	44
20	60800428	20	60800998	DIST	57
3	53286997	3	53290746	DIST	63
3	59467846	3	59468387	DIST	63
8	40588832	8	40589892	DIST	47
2	132746741	3	176705122	DIST	46
20	60381815	20	60382392	DIST	51
12	2674592	12	2722400	RF	63
13	24473934	13	25548109	RR	45
17	3717753	17	3718421	DIST	57
19	15647463	19	15749431	RR	41
16	4709751	16	4712587	DIST	60
1	245066605	10	30232413	DIST	41
6	97266727	6	97267311	DIST	51
7	157722054	7	157723475	DIST	36
23	154686250	23	154867240	DIST	60
2	67986983	2	67987587	DIST	60
1	86171380	9	99715581	DIST	44
10	19070086	10	19070672	DIST	63
11	18920266	11	18942976	DIST	42
9	109577079	9	109580589	DIST	63
20	8944173	20	8944754	DIST	63
6	168220587	6	168221127	DIST	44
22	48102804	22	48103359	DIST	60
10	27263852	10	27268171	DIST	54
7	8430036	7	8432453	DIST	63
1	1609461	1	1662846	DIST	60
6	166687196	6	166687746	DIST	60
14	104612294	14	104612878	DIST	38
20	18539111	20	18543843	FF	63
17	19125206	18	27800174	DIST	44
2	3224949	2	3225504	DIST	45
19	15643115	19	15753366	FF	39
16	75096343	16	75101653	DIST	60
22	47632855	22	47633416	DIST	60
16	739275	16	740012	DIST	60
5	141439237	5	141439921	DIST	45
22	44393122	22	46365308	RR	60
11	124334917	11	124335458	DIST	61
13	110502198	13	110503011	DIST	39
20	62236845	20	62237442	DIST	55
2	221938369	2	221939059	DIST	63
11	88603894	11	88607701	DIST	46
3	181136662	3	181137535	DIST	47
22	22525906	22	22528870	DIST	61
23	1410103	23	1413117	RF	57
5	173881536	5	173882495	DIST	43
8	144493324	8	144493894	DIST	45
9	77188227	9	77188778	DIST	41
10	132977674	10	132978491	DIST	51
11	116696108	11	116696690	DIST	54
5	10326184	5	10328451	DIST	48
23	146366697	23	146367243	DIST	63
9	861290	9	861851	DIST	57
19	9672878	19	9673531	DIST	60
6	168434147	6	168434708	DIST	63
10	5413651	15	77171336	DIST	45
1	10969600	1	10970240	DIST	43
4	186678456	4	186681336	DIST	60
15	99076658	15	99078105	DIST	54
9	135537323	9	135537857	DIST	60
17	36832954	17	36848938	RF	41
18	75770352	18	75771556	DIST	60
3	11183113	3	11183653	DIST	63
2	41826476	2	41829592	DIST	63
19	33902893	19	33903440	DIST	60
8	59238256	8	59238790	DIST	63
19	35080478	19	35085152	DIST	63
18	57857849	18	57858530	DIST	46
15	22667837	15	22670004	DIST	63
11	133656596	11	133719262	RF	60
18	40140469	18	40141039	DIST	42
17	83609	17	84215	DIST	42
2	235616664	2	235617209	DIST	66
16	76625578	16	76626201	DIST	57
2	96114362	2	96114913	DIST	57
4	188372523	4	188373188	DIST	41
1	11605298	1	11606031	DIST	45
2	125482787	2	125484825	DIST	60
7	22168940	7	22169501	DIST	63
3	99357150	3	99414273	DIST	60
7	100392212	7	100392762	DIST	37
8	143513112	8	143513894	DIST	60
2	34819151	2	34821098	DIST	58
1	53367605	1	53368523	DIST	58
8	1067864	8	1068405	DIST	41
4	130811706	4	130812292	DIST	61
1	235838827	1	235839428	DIST	61
3	109309498	5	19449148	DIST	45
6	102921649	6	102922667	DIST	60
1	155465486	1	155700715	RR	63
2	158502226	2	158502783	DIST	57
7	1151559	7	1154601	DIST	55
16	10766041	16	10766601	DIST	60
7	125832809	7	125838791	DIST	63
4	159157497	4	159158053	DIST	64
20	59898289	20	59899073	DIST	43
5	150658486	5	150659050	RF	63
20	41914412	20	41917334	DIST	51
6	4199692	6	4200423	DIST	63
5	178360751	5	178361304	DIST	57
19	39872877	19	39931638	DIST	41
4	130626859	4	130627422	DIST	63
6	161603722	6	161604254	DIST	60
2	227389439	2	227390035	DIST	63
11	1850256	11	1850794	DIST	37
17	13101621	17	13102339	DIST	54
20	61661012	20	61661710	DIST	38
15	73411609	15	76027145	FF	46
9	6690186	9	6700734	DIST	60
12	39185057	12	39191350	DIST	42
11	9279948	11	9281391	DIST	60
1	195766972	1	195770138	DIST	60
8	53863210	8	53864296	DIST	63
7	151912537	7	151915577	DIST	63
2	236952606	2	236953268	DIST	60
4	103548304	4	103551315	DIST	45
4	4619178	5	130360066	DIST	61
20	23843039	20	23883160	DIST	64
4	34822947	4	34828756	DIST	64
5	28823673	5	28999213	DIST	61
7	154085030	7	154086959	DIST	61
7	104272407	7	104399410	RF	67
11	34794430	11	34794981	DIST	67
6	134758888	6	134759470	DIST	64
1	206047492	1	206081491	DIST	60
17	12779134	17	12780340	RR	45
2	68768117	5	64503617	DIST	61
3	188085841	18	45579424	DIST	37
13	35869884	13	35870420	DIST	64
8	146163321	8	146164069	DIST	45
6	166616349	6	166616973	DIST	55
12	1640429	12	1640963	DIST	61
6	66651736	6	66652970	DIST	39
1	88745399	17	29088070	DIST	66
18	74727253	18	74727800	DIST	57
2	1493783	2	1494336	DIST	52
18	48716315	18	48717216	DIST	63
3	149089291	3	149090287	DIST	45
15	98459836	15	98460384	DIST	55
1	53366642	1	53368426	DIST	54
19	58920136	19	58931942	DIST	41
21	26942928	21	26943616	RR	60
2	41905894	4	66096693	DIST	63
3	112756899	8	128603251	DIST	60
3	44716372	3	44717301	RR	57
1	30511052	1	30512778	DIST	54
6	169647370	6	169647904	DIST	63
9	71085112	9	71086676	DIST	54
5	115158108	5	115158897	DIST	63
1	40880748	1	40881295	DIST	57
16	2111369	16	15142183	DIST	41
4	166080009	4	166088789	FF	63
11	1919308	11	1919910	DIST	44
19	43035198	19	43036893	RR	60
3	160739504	3	160740447	DIST	66
6	150125126	6	150126130	DIST	63
12	83116890	12	83120227	DIST	60
8	835733	8	836266	DIST	63
17	6362843	17	6363445	DIST	51
7	152205286	7	152390982	FF	63
22	21404476	22	21429642	DIST	63
17	685364	17	686172	DIST	63
2	5126517	2	5127227	DIST	41
12	16310991	12	16312588	DIST	49
12	33744138	12	33744699	DIST	61
16	919756	16	920316	DIST	45
18	53328075	18	53329136	DIST	61
20	48350870	20	48351417	DIST	64
1	91770649	3	52264673	DIST	64
6	1386449	6	1386990	DIST	61
9	112503493	9	112504137	DIST	58
1	60833031	1	60835061	DIST	61
17	75610251	17	75613020	RF	52
19	12360851	19	12400002	RF	61
17	69904293	17	69904854	DIST	61
8	134686231	11	110734753	DIST	44
14	39167922	14	39170145	DIST	47
9	36464019	9	36465264	DIST	58
8	16590735	8	16591272	DIST	61
19	57775716	19	57776275	DIST	54
7	81793773	7	81794496	DIST	64
2	76627014	2	76629332	DIST	63
12	10704155	12	10704773	DIST	45
18	64530372	18	64534134	DIST	63
9	6700688	9	6701280	DIST	60
11	29924060	11	29925354	DIST	67
9	139116661	9	139117206	RF	47
3	80739973	3	80740539	DIST	64
13	104218567	13	104219125	DIST	47
4	162482800	4	162483339	DIST	67
4	83717684	8	59497170	DIST	61
2	18866012	2	18866951	DIST	49
11	57923375	11	57924971	DIST	61
4	96619733	4	96620548	DIST	55
6	2550240	6	2550791	DIST	61
5	77923938	5	77924480	DIST	67
1	241343135	4	119708315	DIST	64
7	67766962	7	67767534	DIST	47
2	223468323	2	223471228	DIST	64
2	107930620	3	49232072	DIST	61
4	123630647	4	123632038	DIST	64
2	69978394	2	69979355	DIST	64
4	88702838	4	88705681	DIST	64
11	69367395	11	69368153	DIST	55
3	164028246	3	164030552	RR	43
12	24351336	12	24352038	DIST	64
2	206553063	2	206553604	DIST	64
9	130266545	9	130267158	DIST	52
16	51639442	16	84435777	RR	42
18	37118646	18	37122643	DIST	67
18	75269698	18	75270258	DIST	52
12	30809158	12	30810072	DIST	64
2	153705545	17	71888970	DIST	64
18	37165545	18	37166161	DIST	64
4	146658227	4	146660344	DIST	58
6	3580088	6	3580694	DIST	64
6	131459313	6	131460698	DIST	52
3	78862025	3	78862730	DIST	64
10	110026836	10	110027470	DIST	43
12	54825699	12	54826236	DIST	39
14	62691195	14	62691917	DIST	67
7	154240016	7	154240552	DIST	61
7	54382770	7	54383570	DIST	64
6	26851605	6	26853292	DIST	50
1	241849086	1	241850497	DIST	67
1	210537550	1	210539470	DIST	61
2	60095477	22	30369329	DIST	45
2	208741822	17	19935908	DIST	64
4	61621650	4	61625123	DIST	64
1	74527700	1	74528254	DIST	64
13	41845391	13	41848218	DIST	64
